+----------------------------------------------------------------------------------------------------------------------------------------------------------------------------------------------------------------------------------------------+
; Legal Partition Candidates                                                                                                                                                                                                                   ;
+-----------------------------------------+-------+----------------+--------------+----------------+--------+-----------------+---------------+-----------------+-------+----------------+--------------+------------------+-------------------+
; Hierarchy                               ; Input ; Constant Input ; Unused Input ; Floating Input ; Output ; Constant Output ; Unused Output ; Floating Output ; Bidir ; Constant Bidir ; Unused Bidir ; Input only Bidir ; Output only Bidir ;
+-----------------------------------------+-------+----------------+--------------+----------------+--------+-----------------+---------------+-----------------+-------+----------------+--------------+------------------+-------------------+
; inst205                                 ; 3     ; 6              ; 0            ; 6              ; 5      ; 6               ; 6             ; 6               ; 0     ; 0              ; 0            ; 0                ; 0                 ;
; inst150                                 ; 0     ; 1              ; 0            ; 1              ; 1      ; 1               ; 1             ; 1               ; 0     ; 0              ; 0            ; 0                ; 0                 ;
; inst110                                 ; 15    ; 11             ; 0            ; 11             ; 1      ; 11              ; 11            ; 11              ; 0     ; 0              ; 0            ; 0                ; 0                 ;
; inst121                                 ; 6     ; 3              ; 0            ; 3              ; 1      ; 3               ; 3             ; 3               ; 0     ; 0              ; 0            ; 0                ; 0                 ;
; inst118                                 ; 3     ; 0              ; 0            ; 0              ; 1      ; 0               ; 0             ; 0               ; 0     ; 0              ; 0            ; 0                ; 0                 ;
; inst184                                 ; 7     ; 4              ; 0            ; 4              ; 1      ; 4               ; 4             ; 4               ; 0     ; 0              ; 0            ; 0                ; 0                 ;
; inst1                                   ; 12    ; 9              ; 0            ; 9              ; 1      ; 9               ; 9             ; 9               ; 0     ; 0              ; 0            ; 0                ; 0                 ;
; inst106                                 ; 3     ; 1              ; 0            ; 1              ; 1      ; 1               ; 1             ; 1               ; 0     ; 0              ; 0            ; 0                ; 0                 ;
; inst129                                 ; 7     ; 4              ; 0            ; 4              ; 1      ; 4               ; 4             ; 4               ; 0     ; 0              ; 0            ; 0                ; 0                 ;
; inst176|altpll_component|auto_generated ; 3     ; 0              ; 0            ; 0              ; 5      ; 0               ; 0             ; 0               ; 0     ; 0              ; 0            ; 0                ; 0                 ;
; inst176|altpll_component                ; 3     ; 1              ; 0            ; 1              ; 1      ; 1               ; 1             ; 1               ; 0     ; 0              ; 0            ; 0                ; 0                 ;
; inst176                                 ; 2     ; 0              ; 0            ; 0              ; 1      ; 0               ; 0             ; 0               ; 0     ; 0              ; 0            ; 0                ; 0                 ;
; inst197                                 ; 3     ; 5              ; 0            ; 5              ; 5      ; 5               ; 5             ; 5               ; 0     ; 0              ; 0            ; 0                ; 0                 ;
; inst120                                 ; 3     ; 5              ; 0            ; 5              ; 5      ; 5               ; 5             ; 5               ; 0     ; 0              ; 0            ; 0                ; 0                 ;
; inst169|altpll_component|auto_generated ; 3     ; 0              ; 0            ; 0              ; 5      ; 0               ; 0             ; 0               ; 0     ; 0              ; 0            ; 0                ; 0                 ;
; inst169|altpll_component                ; 3     ; 1              ; 0            ; 1              ; 1      ; 1               ; 1             ; 1               ; 0     ; 0              ; 0            ; 0                ; 0                 ;
; inst169                                 ; 2     ; 0              ; 0            ; 0              ; 1      ; 0               ; 0             ; 0               ; 0     ; 0              ; 0            ; 0                ; 0                 ;
; inst128                                 ; 7     ; 4              ; 0            ; 4              ; 1      ; 4               ; 4             ; 4               ; 0     ; 0              ; 0            ; 0                ; 0                 ;
; inst5                                   ; 6     ; 7              ; 0            ; 7              ; 23     ; 7               ; 7             ; 7               ; 0     ; 0              ; 0            ; 0                ; 0                 ;
; inst|inst210|auto_generated|cntr3       ; 4     ; 0              ; 0            ; 0              ; 1      ; 0               ; 0             ; 0               ; 0     ; 0              ; 0            ; 0                ; 0                 ;
; inst|inst210|auto_generated|cntr1|cmpr6 ; 22    ; 0              ; 0            ; 0              ; 1      ; 0               ; 0             ; 0               ; 0     ; 0              ; 0            ; 0                ; 0                 ;
; inst|inst210|auto_generated|cntr1       ; 2     ; 0              ; 0            ; 0              ; 11     ; 0               ; 0             ; 0               ; 0     ; 0              ; 0            ; 0                ; 0                 ;
; inst|inst210|auto_generated|altsyncram2 ; 27    ; 1              ; 0            ; 1              ; 1      ; 1               ; 1             ; 1               ; 0     ; 0              ; 0            ; 0                ; 0                 ;
; inst|inst210|auto_generated             ; 4     ; 0              ; 0            ; 0              ; 1      ; 0               ; 0             ; 0               ; 0     ; 0              ; 0            ; 0                ; 0                 ;
; inst|inst210                            ; 4     ; 0              ; 0            ; 0              ; 1      ; 0               ; 0             ; 0               ; 0     ; 0              ; 0            ; 0                ; 0                 ;
; inst|inst5                              ; 2     ; 0              ; 0            ; 0              ; 2      ; 0               ; 0             ; 0               ; 0     ; 0              ; 0            ; 0                ; 0                 ;
; inst|inst9                              ; 2     ; 0              ; 0            ; 0              ; 2      ; 0               ; 0             ; 0               ; 0     ; 0              ; 0            ; 0                ; 0                 ;
; inst|inst211|auto_generated|cntr3       ; 4     ; 0              ; 0            ; 0              ; 1      ; 0               ; 0             ; 0               ; 0     ; 0              ; 0            ; 0                ; 0                 ;
; inst|inst211|auto_generated|cntr1|cmpr6 ; 22    ; 0              ; 0            ; 0              ; 1      ; 0               ; 0             ; 0               ; 0     ; 0              ; 0            ; 0                ; 0                 ;
; inst|inst211|auto_generated|cntr1       ; 2     ; 0              ; 0            ; 0              ; 11     ; 0               ; 0             ; 0               ; 0     ; 0              ; 0            ; 0                ; 0                 ;
; inst|inst211|auto_generated|altsyncram2 ; 27    ; 1              ; 0            ; 1              ; 1      ; 1               ; 1             ; 1               ; 0     ; 0              ; 0            ; 0                ; 0                 ;
; inst|inst211|auto_generated             ; 4     ; 0              ; 0            ; 0              ; 1      ; 0               ; 0             ; 0               ; 0     ; 0              ; 0            ; 0                ; 0                 ;
; inst|inst211                            ; 4     ; 0              ; 0            ; 0              ; 1      ; 0               ; 0             ; 0               ; 0     ; 0              ; 0            ; 0                ; 0                 ;
; inst|inst6                              ; 3     ; 0              ; 0            ; 0              ; 1      ; 0               ; 0             ; 0               ; 0     ; 0              ; 0            ; 0                ; 0                 ;
; inst|inst1                              ; 4     ; 0              ; 0            ; 0              ; 2      ; 0               ; 0             ; 0               ; 0     ; 0              ; 0            ; 0                ; 0                 ;
; inst|inst208|auto_generated|cntr3       ; 4     ; 0              ; 0            ; 0              ; 1      ; 0               ; 0             ; 0               ; 0     ; 0              ; 0            ; 0                ; 0                 ;
; inst|inst208|auto_generated|cntr1|cmpr6 ; 22    ; 0              ; 0            ; 0              ; 1      ; 0               ; 0             ; 0               ; 0     ; 0              ; 0            ; 0                ; 0                 ;
; inst|inst208|auto_generated|cntr1       ; 2     ; 0              ; 0            ; 0              ; 11     ; 0               ; 0             ; 0               ; 0     ; 0              ; 0            ; 0                ; 0                 ;
; inst|inst208|auto_generated|altsyncram2 ; 27    ; 1              ; 0            ; 1              ; 1      ; 1               ; 1             ; 1               ; 0     ; 0              ; 0            ; 0                ; 0                 ;
; inst|inst208|auto_generated             ; 4     ; 0              ; 0            ; 0              ; 1      ; 0               ; 0             ; 0               ; 0     ; 0              ; 0            ; 0                ; 0                 ;
; inst|inst208                            ; 4     ; 0              ; 0            ; 0              ; 1      ; 0               ; 0             ; 0               ; 0     ; 0              ; 0            ; 0                ; 0                 ;
; inst|inst2                              ; 2     ; 0              ; 0            ; 0              ; 2      ; 0               ; 0             ; 0               ; 0     ; 0              ; 0            ; 0                ; 0                 ;
; inst|inst12                             ; 4     ; 0              ; 0            ; 0              ; 2      ; 0               ; 0             ; 0               ; 0     ; 0              ; 0            ; 0                ; 0                 ;
; inst|inst15                             ; 2     ; 0              ; 0            ; 0              ; 2      ; 0               ; 0             ; 0               ; 0     ; 0              ; 0            ; 0                ; 0                 ;
; inst|inst209|auto_generated|cntr3       ; 4     ; 0              ; 0            ; 0              ; 1      ; 0               ; 0             ; 0               ; 0     ; 0              ; 0            ; 0                ; 0                 ;
; inst|inst209|auto_generated|cntr1|cmpr6 ; 22    ; 0              ; 0            ; 0              ; 1      ; 0               ; 0             ; 0               ; 0     ; 0              ; 0            ; 0                ; 0                 ;
; inst|inst209|auto_generated|cntr1       ; 2     ; 0              ; 0            ; 0              ; 11     ; 0               ; 0             ; 0               ; 0     ; 0              ; 0            ; 0                ; 0                 ;
; inst|inst209|auto_generated|altsyncram2 ; 27    ; 1              ; 0            ; 1              ; 1      ; 1               ; 1             ; 1               ; 0     ; 0              ; 0            ; 0                ; 0                 ;
; inst|inst209|auto_generated             ; 4     ; 0              ; 0            ; 0              ; 1      ; 0               ; 0             ; 0               ; 0     ; 0              ; 0            ; 0                ; 0                 ;
; inst|inst209                            ; 4     ; 0              ; 0            ; 0              ; 1      ; 0               ; 0             ; 0               ; 0     ; 0              ; 0            ; 0                ; 0                 ;
; inst|inst                               ; 3     ; 0              ; 0            ; 0              ; 1      ; 0               ; 0             ; 0               ; 0     ; 0              ; 0            ; 0                ; 0                 ;
; inst                                    ; 11    ; 0              ; 0            ; 0              ; 9      ; 0               ; 0             ; 0               ; 0     ; 0              ; 0            ; 0                ; 0                 ;
+-----------------------------------------+-------+----------------+--------------+----------------+--------+-----------------+---------------+-----------------+-------+----------------+--------------+------------------+-------------------+
